BRX-18-0011           1111200         0000          0
BRX-18-0004           1111200         0000          0
BRX-18-0007           1111200         0000          0
BRX-18-0006           1111200         0000          0
BRX-18-0012           1111200         0000          0
BRX-18-0002           1111200         0000          0
BRX-18-0010           1111200         0000          0
BRX-18-0003           1111200         0000          0
BRX-18-0009           1111200         0000          0
BRX-18-0001           1111200         0000          0
BRX-18-0005           1111200         0000          0
BRX-18-0008           1111200         0000          0
BRX-14-0014           1111200         0000          0
BRX-14-0179           1111200         0000          0
BRX-14-0164           1111200         0000          0
BRX-14-0012           1111200         0000          0
BRX-14-0106           1111200         0000          0
BRX-14-0053           1111200         0000          0
BRX-14-0146           1111200         0000          0
BRX-14-0067-S         1111200         0000          0
BRX-14-0113           1111200         0000          0
BRX-14-0118           1111200         0000          0
BRX-14-0042           1111200         0000          0
BRX-14-0014-S         1111200         0000          0
BRX-14-0197           1111200         0000          0
BRX-14-0186           1111200         0000          0
BRX-14-0141           1111200         0000          0
BRX-14-0193           1111200         0000          0
BRX-14-0081-S         1111200         0000          0
BRX-14-0195           1111200         0000          0
BRX-14-0153           1111200         0000          0
BRX-14-0088-S         1111200         0000          0
BRX-14-0061           1111200         0000          0
BRX-14-0167           1111200         0000          0
BRX-14-0173           1111200         0000          0
BRX-14-0079-S         1111200         0000          0
BRX-14-0041           1111200         0000          0
BRX-14-0136           1111200         0000          0
BRX-14-0154           1111200         0000          0
BRX-14-0080-S         1111200         0000          0
BRX-14-0169           1111200         0000          0
BRX-14-0056-S         1111200         0000          0
BRX-14-0182           1111200         0000          0
BRX-14-0061-S         1111200         0000          0
BRX-14-0034           1111200         0000          0
BRX-14-0038           1111200         0000          0
BRX-14-0147           1111200         0000          0
BRX-14-0160           1111200         0000          0
BRX-14-0111           1111200         0000          0
BRX-14-0189           1111200         0000          0
BRX-14-0013           1111200         0000          0
BRX-14-0024-S         1111200         0000          0
BRX-14-0029           1111200         0000          0
BRX-14-0022-S         1111200         0000          0
BRX-14-0085           1111200         0000          0
BRX-14-0068           1111200         0000          0
BRX-14-0082           1111200         0000          0
BRX-14-0020-S         1111200         0000          0
BRX-14-0063           1111200         0000          0
BRX-14-0051           1111200         0000          0
BRX-14-0181           1111200         0000          0
BRX-14-0082-S         1111200         0000          0
BRX-14-0108           1111200         0000          0
BRX-14-0023-S         1111200         0000          0
BRX-14-0204           1111200         0000          0
BRX-14-0052           1111200         0000          0
BRX-14-0192           1111200         0000          0
BRX-14-0045           1111200         0000          0
BRX-14-0095           1111200         0000          0
BRX-14-0005           1111200         0000          0
BRX-14-0019-S         1111200         0000          0
BRX-14-0110           1111200         0000          0
BRX-14-0168           1111200         0000          0
BRX-14-0048           1111200         0000          0
BRX-14-0125           1111200         0000          0
BRX-14-0184           1111200         0000          0
BRX-14-0079           1111200         0000          0
BRX-14-0140           1111200         0000          0
BRX-14-0183           1111200         0000          0
BRX-14-0144           1111200         0000          0
BRX-14-0116           1111200         0000          0
BRX-14-0165           1111200         0000          0
BRX-14-0139           1111200         0000          0
BRX-14-0148           1111200         0000          0
BRX-14-0076           1111200         0000          0
BRX-14-0069           1111200         0000          0
BRX-14-0159           1111200         0000          0
BRX-14-0190           1111200         0000          0
BRX-14-0180           1111200         0000          0
BRX-14-0133           1111200         0000          0
BRX-14-0188           1111200         0000          0
BRX-14-0084-S         1111200         0000          0
BRX-14-0004           1111200         0000          0
BRX-14-0010-S         1111200         0000          0
BRX-14-0002           1111200         0000          0
BRX-14-0007-S         1111200         0000          0
BRX-14-0070           1111200         0000          0
BRX-14-0196           1111200         0000          0
BRX-14-0103           1111200         0000          0
BRX-14-0172           1111200         0000          0
BRX-14-0132           1111200         0000          0
BRX-14-0046           1111200         0000          0
BRX-14-0119           1111200         0000          0
BRX-14-0044-S         1111200         0000          0
BRX-14-0171           1111200         0000          0
BRX-14-0198           1111200         0000          0
BRX-14-0076-S         1111200         0000          0
BRX-14-0142           1111200         0000          0
BRX-14-0087-S         1111200         0000          0
BRX-14-0177           1111200         0000          0
BRX-14-0063-S         1111200         0000          0
BRX-14-0187           1111200         0000          0
BRX-14-0199           1111200         0000          0
BRX-14-0030           1111200         0000          0
BRX-14-0036-S         1111200         0000          0
BRX-14-0161           1111200         0000          0
BRX-14-0138           1111200         0000          0
BRX-14-0096           1111200         0000          0
BRX-14-0045-S         1111200         0000          0
BRX-14-0155           1111200         0000          0
BRX-14-0062-S         1111200         0000          0
BRX-14-0194           1111200         0000          0
BRX-14-0163           1111200         0000          0
BRX-14-0122           1111200         0000          0
BRX-14-0060           1111200         0000          0
BRX-14-0143           1111200         0000          0
BRX-14-0102           1111200         0000          0
BRX-14-0087           1111200         0000          0
BRX-14-0157           1111200         0000          0
BRX-14-0170           1111200         0000          0
BRX-14-0202           1111200         0000          0
BRX-14-0156           1111200         0000          0
BRX-14-0083           1111200         0000          0
BRX-14-0017-S         1111200         0000          0
BRX-14-0057           1111200         0000          0
BRX-14-0203           1111200         0000          0
BRX-14-0201           1111200         0000          0
BRX-14-0112           1111200         0000          0
BRX-14-0109           1111200         0000          0
BRX-14-0052-S         1111200         0000          0
BRX-14-0134           1111200         0000          0
BRX-14-0085-S         1111200         0000          0
BRX-14-0185           1111200         0000          0
BRX-14-0124           1111200         0000          0
BRX-14-0065-S         1111200         0000          0
BRX-14-0100           1111200         0000          0
BRX-14-0101           1111200         0000          0
BRX-14-0128           1111200         0000          0
BRX-14-0066-S         1111200         0000          0
BRX-14-0097           1111200         0000          0
BRX-14-0077           1111200         0000          0
BRX-14-0006           1111200         0000          0
BRX-14-0002-S         1111200         0000          0
BRX-14-0074           1111200         0000          0
BRX-14-0075-S         1111200         0000          0
BRX-14-0078-S         1111200         0000          0
BRX-14-0066           1111200         0000          0
BRX-14-0070-S         1111200         0000          0
BRX-14-0104           1111200         0000          0
BRX-14-0057-S         1111200         0000          0
BRX-14-0126           1111200         0000          0
BRX-14-0035           1111200         0000          0
BRX-14-0086           1111200         0000          0
BRX-14-0007           1111200         0000          0
BRX-14-0009-S         1111200         0000          0
BRX-14-0078           1111200         0000          0
BRX-14-0041-S         1111200         0000          0
BRX-14-0091           1111200         0000          0
BRX-14-0089           1111200         0000          0
BRX-14-0024           1111200         0000          0
BRX-14-0009           1111200         0000          0
BRX-14-0003-S         1111200         0000          0
BRX-14-0008           1111200         0000          0
BRX-14-0004-S         1111200         0000          0
BRX-14-0011           1111200         0000          0
BRX-14-0039-S         1111200         0000          0
BRX-14-0019           1111200         0000          0
BRX-14-0006-S         1111200         0000          0
BRX-14-0028           1111200         0000          0
BRX-14-0001-S         1111200         0000          0
BRX-14-0027-S         1111200         0000          0
BRX-14-0060-S         1111200         0000          0
BRX-14-0072           1111200         0000          0
BRX-14-0166           1111200         0000          0
BRX-14-0049           1111200         0000          0
BRX-14-0011-S         1111200         0000          0
BRX-14-0055           1111200         0000          0
BRX-14-0026-S         1111200         0000          0
BRX-14-0114           1111200         0000          0
BRX-14-0054-S         1111200         0000          0
BRX-14-0054           1111200         0000          0
BRX-14-0038-S         1111200         0000          0
BRX-14-0062           1111200         0000          0
BRX-14-0083-S         1111200         0000          0
BRX-14-0084           1111200         0000          0
BRX-14-0158           1111200         0000          0
BRX-14-0017           1111200         0000          0
BRX-14-0029-S         1111200         0000          0
BRX-14-0115           1111200         0000          0
BRX-14-0088           1111200         0000          0
BRX-14-0031           1111200         0000          0
BRX-14-0012-S         1111200         0000          0
BRX-14-0001           1111200         0000          0
BRX-14-0008-S         1111200         0000          0
BRX-14-0075           1111200         0000          0
BRX-14-0016           1111200         0000          0
BRX-14-0032-S         1111200         0000          0
BRX-14-0071           1111200         0000          0
BRX-14-0053-S         1111200         0000          0
BRX-14-0044           1111200         0000          0
BRX-14-0025-S         1111200         0000          0
BRX-14-0015           1111200         0000          0
BRX-14-0030-S         1111200         0000          0
BRX-14-0131           1111200         0000          0
BRX-14-0023           1111200         0000          0
BRX-14-0021-S         1111200         0000          0
BRX-14-0117           1111200         0000          0
BRX-14-0016-S         1111200         0000          0
BRX-14-0105           1111200         0000          0
BRX-14-0042-S         1111200         0000          0
BRX-14-0129           1111200         0000          0
BRX-14-0028-S         1111200         0000          0
BRX-14-0018           1111200         0000          0
BRX-14-0072-S         1111200         0000          0
BRX-14-0020           1111200         0000          0
BRX-14-0033           1111200         0000          0
BRX-14-0093           1111200         0000          0
BRX-14-0152           1111200         0000          0
BRX-14-0200           1111200         0000          0
BRX-14-0121           1111200         0000          0
BRX-14-0086-S         1111200         0000          0
BRX-14-0191           1111200         0000          0
BRX-14-0176           1111200         0000          0
BRX-14-0162           1111200         0000          0
BRX-14-0205           1111200         0000          0
BRX-14-0025           1111200         0000          0
BRX-14-0018-S         1111200         0000          0
BRX-14-0047           1111200         0000          0
BRX-14-0178           1111200         0000          0
BRX-14-0050-S         1111200         0000          0
BRX-14-0092           1111200         0000          0
BRX-14-0059-S         1111200         0000          0
BRX-14-0036           1111200         0000          0
BRX-14-0145           1111200         0000          0
BRX-14-0050           1111200         0000          0
BRX-14-0022           1111200         0000          0
BRX-14-0058-S         1111200         0000          0
BRX-14-0003           1111200         0000          0
BRX-14-0005-S         1111200         0000          0
BRX-14-0021           1111200         0000          0
BRX-14-0049-S         1111200         0000          0
BRX-14-0032           1111200         0000          0
BRX-14-0037           1111200         0000          0
BRX-14-0175           1111200         0000          0
BRX-14-0127           1111200         0000          0
BRX-14-0099           1111200         0000          0
BRX-14-0068-S         1111200         0000          0
BRX-14-0056           1111200         0000          0
BRX-14-0051-S         1111200         0000          0
BRX-14-0174           1111200         0000          0
BRX-14-0150           1111200         0000          0
BRX-14-0151           1111200         0000          0
BRX-14-0074-S         1111200         0000          0
BRX-14-0130           1111200         0000          0
BRX-14-0043           1111200         0000          0
BRX-14-0047-S         1111200         0000          0
BRX-14-0081           1111200         0000          0
BRX-14-0077-S         1111200         0000          0
BRX-14-0149           1111200         0000          0
BRX-14-0073-S         1111200         0000          0
BRX-14-0065           1111200         0000          0
BRX-14-0048-S         1111200         0000          0
BRX-14-0039           1111200         0000          0
BRX-14-0015-S         1111200         0000          0
BRX-14-0027           1111200         0000          0
BRX-14-0013-S         1111200         0000          0
BRX-14-0046-S         1111200         0000          0
BRX-14-0135           1111200         0000          0
BRX-14-0040           1111200         0000          0
BRX-14-0035-S         1111200         0000          0
BRX-14-0071-S         1111200         0000          0
BRX-14-0080           1111200         0000          0
BRX-14-0123           1111200         0000          0
BRX-14-0026           1111200         0000          0
BRX-14-0033-S         1111200         0000          0
BRX-14-0069-S         1111200         0000          0
BRX-14-0059           1111200         0000          0
BRX-14-0031-S         1111200         0000          0
BRX-14-0107           1111200         0000          0
BRX-14-0098           1111200         0000          0
BRX-14-0040-S         1111200         0000          0
BRX-14-0058           1111200         0000          0
BRX-14-0034-S         1111200         0000          0
BRX-14-0064           1111200         0000          0
BRX-14-0067           1111200         0000          0
BRX-14-0120           1111200         0000          0
BRX-14-0055-S         1111200         0000          0
BRX-14-0137           1111200         0000          0
BRX-14-0037-S         1111200         0000          0
BRX-14-0064-S         1111200         0000          0
BRX-14-0043-S         1111200         0000          0
BRX-14-0073           1111200         0000          0
BRX-14-0090           1111200         0000          0
BRX-14-0010           1111200         0000          0
BRX-14-0094           1111200         0000          0
BRX-10-0061           1111200         0000          0
BRX-10-0046-S         1111200         0000          0
BRX-10-0053           1111200         0000          0
BRX-10-0020           1111200         0000          0
BRX-10-0122           1111200         0000          0
BRX-10-0002           1111200         0000          0
BRX-10-0005-S         1111200         0000          0
BRX-10-0003           1111200         0000          0
BRX-10-0030-S         1111200         0000          0
BRX-10-0081           1111200         0000          0
BRX-10-0120           1111200         0000          0
BRX-10-0025           1111200         0000          0
BRX-10-0042-S         1111200         0000          0
BRX-10-0065-S         1111200         0000          0
BRX-10-0147-S         1111200         0000          0
BRX-10-0108           1111200         0000          0
BRX-10-0126           1111200         0000          0
BRX-10-0071-S         1111200         0000          0
BRX-10-0107           1111200         0000          0
BRX-10-0080           1111200         0000          0
BRX-10-0067-S         1111200         0000          0
BRX-10-0095           1111200         0000          0
BRX-10-0074           1111200         0000          0
BRX-10-0067           1111200         0000          0
BRX-10-0115-S         1111200         0000          0
BRX-10-0131-S         1111200         0000          0
BRX-10-0063           1111200         0000          0
BRX-10-0160           1111200         0000          0
BRX-10-0019           1111200         0000          0
BRX-10-0017-S         1111200         0000          0
BRX-10-0004           1111200         0000          0
BRX-10-0139-S         1111200         0000          0
BRX-10-0079           1111200         0000          0
BRX-10-0106           1111200         0000          0
BRX-10-0019-S         1111200         0000          0
BRX-10-0050           1111200         0000          0
BRX-10-0036           1111200         0000          0
BRX-10-0061-S         1111200         0000          0
BRX-10-0119-S         1111200         0000          0
BRX-10-0064           1111200         0000          0
BRX-10-0137           1111200         0000          0
BRX-10-0153           1111200         0000          0
BRX-10-0028           1111200         0000          0
BRX-10-0032-S         1111200         0000          0
BRX-10-0005           1111200         0000          0
BRX-10-0023-S         1111200         0000          0
BRX-10-0012           1111200         0000          0
BRX-10-0022-S         1111200         0000          0
BRX-10-0138           1111200         0000          0
BRX-10-0075-S         1111200         0000          0
BRX-10-0043           1111200         0000          0
BRX-10-0103-S         1111200         0000          0
BRX-10-0018           1111200         0000          0
BRX-10-0036-S         1111200         0000          0
BRX-10-0065           1111200         0000          0
BRX-10-0152-S         1111200         0000          0
BRX-10-0066           1111200         0000          0
BRX-10-0025-S         1111200         0000          0
BRX-10-0083-S         1111200         0000          0
BRX-10-0149           1111200         0000          0
BRX-10-0134-S         1111200         0000          0
BRX-10-0048           1111200         0000          0
BRX-10-0142-S         1111200         0000          0
BRX-10-0161           1111200         0000          0
BRX-10-0038           1111200         0000          0
BRX-10-0037-S         1111200         0000          0
BRX-10-0021           1111200         0000          0
BRX-10-0024           1111200         0000          0
BRX-10-0001           1111200         0000          0
BRX-10-0001-S         1111200         0000          0
BRX-10-0136-S         1111200         0000          0
BRX-10-0026           1111200         0000          0
BRX-10-0015-S         1111200         0000          0
BRX-10-0038-S         1111200         0000          0
BRX-10-0015           1111200         0000          0
BRX-10-0130           1111200         0000          0
BRX-10-0073           1111200         0000          0
BRX-10-0079-S         1111200         0000          0
BRX-10-0011           1111200         0000          0
BRX-10-0009-S         1111200         0000          0
BRX-10-0027           1111200         0000          0
BRX-10-0006-S         1111200         0000          0
BRX-10-0148-S         1111200         0000          0
BRX-10-0126-S         1111200         0000          0
BRX-10-0132-S         1111200         0000          0
BRX-10-0008           1111200         0000          0
BRX-10-0045-S         1111200         0000          0
BRX-10-0009           1111200         0000          0
BRX-10-0020-S         1111200         0000          0
BRX-10-0148           1111200         0000          0
BRX-10-0109-S         1111200         0000          0
BRX-10-0052           1111200         0000          0
BRX-10-0125-S         1111200         0000          0
BRX-10-0158           1111200         0000          0
BRX-10-0016           1111200         0000          0
BRX-10-0133-S         1111200         0000          0
BRX-10-0010           1111200         0000          0
BRX-10-0095-S         1111200         0000          0
BRX-10-0040           1111200         0000          0
BRX-10-0118           1111200         0000          0
BRX-10-0037           1111200         0000          0
BRX-10-0035           1111200         0000          0
BRX-10-0066-S         1111200         0000          0
BRX-10-0062           1111200         0000          0
BRX-10-0034-S         1111200         0000          0
BRX-10-0059           1111200         0000          0
BRX-10-0039-S         1111200         0000          0
BRX-10-0030           1111200         0000          0
BRX-10-0056-S         1111200         0000          0
BRX-10-0102-S         1111200         0000          0
BRX-10-0048-S         1111200         0000          0
BRX-10-0039           1111200         0000          0
BRX-10-0106-S         1111200         0000          0
BRX-10-0085           1111200         0000          0
BRX-10-0105-S         1111200         0000          0
BRX-10-0110           1111200         0000          0
BRX-10-0074-S         1111200         0000          0
BRX-10-0157           1111200         0000          0
BRX-10-0093           1111200         0000          0
BRX-10-0156           1111200         0000          0
BRX-10-0121           1111200         0000          0
BRX-10-0044-S         1111200         0000          0
BRX-10-0007           1111200         0000          0
BRX-10-0014-S         1111200         0000          0
BRX-10-0091           1111200         0000          0
BRX-10-0068-S         1111200         0000          0
BRX-10-0139           1111200         0000          0
BRX-10-0077-S         1111200         0000          0
BRX-10-0125           1111200         0000          0
BRX-10-0060-S         1111200         0000          0
BRX-10-0141           1111200         0000          0
BRX-10-0024-S         1111200         0000          0
BRX-10-0143           1111200         0000          0
BRX-10-0093-S         1111200         0000          0
BRX-10-0116           1111200         0000          0
BRX-10-0080-S         1111200         0000          0
BRX-10-0096           1111200         0000          0
BRX-10-0155           1111200         0000          0
BRX-10-0117-S         1111200         0000          0
BRX-10-0047-S         1111200         0000          0
BRX-10-0071           1111200         0000          0
BRX-10-0051-S         1111200         0000          0
BRX-10-0094           1111200         0000          0
BRX-10-0018-S         1111200         0000          0
BRX-10-0023           1111200         0000          0
BRX-10-0059-S         1111200         0000          0
BRX-10-0055           1111200         0000          0
BRX-10-0060           1111200         0000          0
BRX-10-0011-S         1111200         0000          0
BRX-10-0103           1111200         0000          0
BRX-10-0016-S         1111200         0000          0
BRX-10-0124           1111200         0000          0
BRX-10-0053-S         1111200         0000          0
BRX-10-0032           1111200         0000          0
BRX-10-0012-S         1111200         0000          0
BRX-10-0089           1111200         0000          0
BRX-10-0087-S         1111200         0000          0
BRX-10-0072           1111200         0000          0
BRX-10-0007-S         1111200         0000          0
BRX-10-0094-S         1111200         0000          0
BRX-10-0101-S         1111200         0000          0
BRX-10-0014           1111200         0000          0
BRX-10-0004-S         1111200         0000          0
BRX-10-0090           1111200         0000          0
BRX-10-0091-S         1111200         0000          0
BRX-10-0111           1111200         0000          0
BRX-10-0073-S         1111200         0000          0
BRX-10-0132           1111200         0000          0
BRX-10-0143-S         1111200         0000          0
BRX-10-0090-S         1111200         0000          0
BRX-10-0162           1111200         0000          0
BRX-10-0088           1111200         0000          0
BRX-10-0070-S         1111200         0000          0
BRX-10-0127-S         1111200         0000          0
BRX-10-0130-S         1111200         0000          0
BRX-10-0114-S         1111200         0000          0
BRX-10-0063-S         1111200         0000          0
BRX-10-0027-S         1111200         0000          0
BRX-10-0154           1111200         0000          0
BRX-10-0127           1111200         0000          0
BRX-10-0122-S         1111200         0000          0
BRX-10-0099-S         1111200         0000          0
BRX-10-0047           1111200         0000          0
BRX-10-0041-S         1111200         0000          0
BRX-10-0029           1111200         0000          0
BRX-10-0008-S         1111200         0000          0
BRX-10-0046           1111200         0000          0
BRX-10-0154-S         1111200         0000          0
BRX-10-0119           1111200         0000          0
BRX-10-0140-S         1111200         0000          0
BRX-10-0149-S         1111200         0000          0
BRX-10-0078           1111200         0000          0
BRX-10-0052-S         1111200         0000          0
BRX-10-0084           1111200         0000          0
BRX-10-0049           1111200         0000          0
BRX-10-0031           1111200         0000          0
BRX-10-0135           1111200         0000          0
BRX-10-0078-S         1111200         0000          0
BRX-10-0042           1111200         0000          0
BRX-10-0010-S         1111200         0000          0
BRX-10-0057-S         1111200         0000          0
BRX-10-0017           1111200         0000          0
BRX-10-0013-S         1111200         0000          0
BRX-10-0044           1111200         0000          0
BRX-10-0117           1111200         0000          0
BRX-10-0112-S         1111200         0000          0
BRX-10-0131           1111200         0000          0
BRX-10-0124-S         1111200         0000          0
BRX-10-0041           1111200         0000          0
BRX-10-0058-S         1111200         0000          0
BRX-10-0086           1111200         0000          0
BRX-10-0069           1111200         0000          0
BRX-10-0129           1111200         0000          0
BRX-10-0123           1111200         0000          0
BRX-10-0109           1111200         0000          0
BRX-10-0029-S         1111200         0000          0
BRX-10-0086-S         1111200         0000          0
BRX-10-0082           1111200         0000          0
BRX-10-0165           1111200         0000          0
BRX-10-0069-S         1111200         0000          0
BRX-10-0104           1111200         0000          0
BRX-10-0104-S         1111200         0000          0
BRX-10-0035-S         1111200         0000          0
BRX-10-0147           1111200         0000          0
BRX-10-0026-S         1111200         0000          0
BRX-10-0068           1111200         0000          0
BRX-10-0043-S         1111200         0000          0
BRX-10-0083           1111200         0000          0
BRX-10-0136           1111200         0000          0
BRX-10-0150-S         1111200         0000          0
BRX-10-0097           1111200         0000          0
BRX-10-0142           1111200         0000          0
BRX-10-0076           1111200         0000          0
BRX-10-0021-S         1111200         0000          0
BRX-10-0006           1111200         0000          0
BRX-10-0092-S         1111200         0000          0
BRX-10-0092           1111200         0000          0
BRX-10-0099           1111200         0000          0
BRX-10-0134           1111200         0000          0
BRX-10-0082-S         1111200         0000          0
BRX-10-0064-S         1111200         0000          0
BRX-10-0022           1111200         0000          0
BRX-10-0040-S         1111200         0000          0
BRX-10-0075           1111200         0000          0
BRX-10-0049-S         1111200         0000          0
BRX-10-0152           1111200         0000          0
BRX-10-0129-S         1111200         0000          0
BRX-10-0151           1111200         0000          0
BRX-10-0145           1111200         0000          0
BRX-10-0115           1111200         0000          0
BRX-10-0138-S         1111200         0000          0
BRX-10-0116-S         1111200         0000          0
BRX-10-0100-S         1111200         0000          0
BRX-10-0098-S         1111200         0000          0
BRX-10-0050-S         1111200         0000          0
BRX-10-0146-S         1111200         0000          0
BRX-10-0096-S         1111200         0000          0
BRX-10-0045           1111200         0000          0
BRX-10-0144-S         1111200         0000          0
BRX-10-0076-S         1111200         0000          0
BRX-10-0077           1111200         0000          0
BRX-10-0055-S         1111200         0000          0
BRX-10-0112           1111200         0000          0
BRX-10-0088-S         1111200         0000          0
BRX-10-0128-S         1111200         0000          0
BRX-10-0110-S         1111200         0000          0
BRX-10-0123-S         1111200         0000          0
BRX-10-0118-S         1111200         0000          0
BRX-10-0062-S         1111200         0000          0
BRX-10-0164           1111200         0000          0
BRX-10-0054-S         1111200         0000          0
BRX-10-0163           1111200         0000          0
BRX-10-0072-S         1111200         0000          0
BRX-10-0108-S         1111200         0000          0
BRX-10-0085-S         1111200         0000          0
BRX-10-0097-S         1111200         0000          0
BRX-10-0058           1111200         0000          0
BRX-10-0135-S         1111200         0000          0
BRX-10-0140           1111200         0000          0
BRX-10-0107-S         1111200         0000          0
BRX-10-0144           1111200         0000          0
BRX-10-0105           1111200         0000          0
BRX-10-0081-S         1111200         0000          0
BRX-10-0111-S         1111200         0000          0
BRX-10-0137-S         1111200         0000          0
BRX-10-0113           1111200         0000          0
BRX-10-0031-S         1111200         0000          0
BRX-10-0153-S         1111200         0000          0
BRX-10-0013           1111200         0000          0
BRX-10-0114           1111200         0000          0
BRX-10-0051           1111200         0000          0
BRX-10-0003-S         1111200         0000          0
BRX-10-0070           1111200         0000          0
BRX-10-0087           1111200         0000          0
BRX-10-0146           1111200         0000          0
BRX-10-0084-S         1111200         0000          0
BRX-10-0150           1111200         0000          0
BRX-10-0102           1111200         0000          0
BRX-10-0089-S         1111200         0000          0
BRX-10-0054           1111200         0000          0
BRX-10-0002-S         1111200         0000          0
BRX-10-0100           1111200         0000          0
BRX-10-0151-S         1111200         0000          0
BRX-10-0141-S         1111200         0000          0
BRX-10-0133           1111200         0000          0
BRX-10-0120-S         1111200         0000          0
BRX-10-0057           1111200         0000          0
BRX-10-0113-S         1111200         0000          0
BRX-10-0033           1111200         0000          0
BRX-10-0145-S         1111200         0000          0
BRX-10-0056           1111200         0000          0
BRX-10-0121-S         1111200         0000          0
BRX-10-0159           1111200         0000          0
BRX-10-0034           1111200         0000          0
BRX-10-0101           1111200         0000          0
BRX-10-0098           1111200         0000          0
BRX-10-0028-S         1111200         0000          0
BRX-10-0128           1111200         0000          0
BRX-10-0033-S         1111200         0000          0
