SFA7246P              4332200         0000          0
SFA88891P             4332200         0000          0
SFA7654P              4332200         0000          0
SFA3360P              4332200         0000          0
SFA7811               4332200         0000          0
SFA7695               4332200         0000          0
SFA0841P              4332200         0000          0
SFA0916P              4332200         0000          0
SFA6415               4332200         0000          0
SFA34F0               4332200         0000          0
SFA4H00               4332200         0000          0
SFA5A50               4332200         0000          0
SFA7246P              4332200         0000          0
SFA5598               4332200         0000          0
SFA7682P              4332200         0000          0
SFA9215               4332200         0000          0
SFA7414S              4332200         0000          0
SFA5710P              4332200         0000          0
SFA2710S              4332200         0000          0
SFA1087P              4332200         0000          0
SFA8141               4332200         0000          0
SFA1300S              4332200         0000          0
SFA9435P              4332200         0000          0
SFA7004               4332200         0000          0
SFA1050PF             4332200         0000          0
SFA5485S              4332200         0000          0
SFA88891P             4332200         0000          0
SFA1704               4332200         0000          0
SFA2710S              4332200         0000          0
SFA2294               4332200         0000          0
SFA6501P              4332200         0000          0
SFA7805S              4332200         0000          0
SFA1251P              4332200         0000          0
SFA0640S              4332200         0000          0
SFA4407               4332200         0000          0
SFA9107               4332200         0000          0
SFA6127               4332200         0000          0
SFA8149P              4332200         0000          0
SFA4996P              4332200         0000          0
SFA3461               4332200         0000          0
SFA2482P              4332200         0000          0
SFA3146P              4332200         0000          0
SFA1940S              4332200         0000          0
SFA1642P              4332200         0000          0
SFA1643S              4332200         0000          0
SFA0388P              4332200         0000          0
SFA3926S              4332200         0000          0
SFA3160S              4332200         0000          0
SFA5773P              4332200         0000          0
SFA0421               4332200         0000          0
SFA2151P              4332200         0000          0
SFA1228S              4332200         0000          0
SFA2686P              4332200         0000          0
SFA5436P              4332200         0000          0
SFA1575P              4332200         0000          0
SFA0300S              4332200         0000          0
SFA7868PF             4332200         0000          0
SFA7869S              4332200         0000          0
SFA2769S              4332200         0000          0
SFA8603               4332200         0000          0
SFA5678P              4332200         0000          0
SFA0097P              4332200         0000          0
SFA1525               4332200         0000          0
SFA7549               4332200         0000          0
SFA0012               4332200         0000          0
SFA1189H              4332200         0000          0
SFA1052PF             4332200         0000          0
SFO1381E              4332200         0000          0
SFA1050PF             4332200         0000          0
SFO4838               4332200         0000          0
SFO4013               4332200         0000          0
SFO4530               4332200         0000          0
SFO3343               4332200         0000          0
SFO0600               4332200         0000          0
SFO2190               4332200         0000          0
SFO2250               4332200         0000          0
SFO0163               4332200         0000          0
SFO6375               4332200         0000          0
SFO6777               4332200         0000          0
SFO7786               4332200         0000          0
SFO3802               4332200         0000          0
SFO0507               4332200         0000          0
SFO8336               4332200         0000          0
SFO4495               4332200         0000          0
SFO8336               4332200         0000          0
SFO47501              4332200         0000          0
SFO4403               4332200         0000          0
SFO4407               4332200         0000          0
SFO4133               4332200         0000          0
SFO4111               4332200         0000          0
SFO4004               4332200         0000          0
SFO4005               4332200         0000          0
SFO1459               4332200         0000          0
SFO0667               4332200         0000          0
SFO0691               4332200         0000          0
SFO1670               4332200         0000          0
SFO3349               4332200         0000          0
SFO3594               4332200         0000          0
SFO3002               4332200         0000          0
SFO0009               4332200         0000          0
SFO3937               4332200         0000          0
SFO0901               4332200         0000          0
SFO9024               4332200         0000          0
SFO2670               4332200         0000          0
SFO5565               4332200         0000          0
SFO6650               4332200         0000          0
SFO8532               4332200         0000          0
SFO3100               4332200         0000          0
SFO0391               4332200         0000          0
SFO4054               4332200         0000          0
SFO1620               4332200         0000          0
SFO7160               4332200         0000          0
SFO4666               4332200         0000          0
SFO0286               4332200         0000          0
SFO0836               4332200         0000          0
SFO9214               4332200         0000          0
SFO3171               4332200         0000          0
SFO3548               4332200         0000          0
SFO3493               4332200         0000          0
SFO3737               4332200         0000          0
SFO3987               4332200         0000          0
SFO8510               4332200         0000          0
SFO9030               4332200         0000          0
SFC02184              4332200         0000          0
SFC26405              4332200         0000          0
SFC59247              4332200         0000          0
SFC00030              4332200         0000          0
SFC95964              4332200         0000          0
SFC09422              4332200         0000          0
SFC20197              4332200         0000          0
SFC13500              4332200         0000          0
SFC02184C             4332200         0000          0
SFC00030C             4332200         0000          0
SFC95964C             4332200         0000          0
SFF2133E              4332200         0000          0
SFF7920E              4332200         0000          0
SFF7822E              4332200         0000          0
SFF7809E              4332200         0000          0
SFF0110E              4332200         0000          0
SFF4811E              4332200         0000          0
SFFY025E              4332200         0000          0
SFF5000E              4332200         0000          0
SFF1058E              4332200         0000          0
SFF0063E              4332200         0000          0
SFF9991E              4332200         0000          0
SFF0603E              4332200         0000          0
SFF9267E              4332200         0000          0
SFF9981E              4332200         0000          0
SFF8005E              4332200         0000          0
SFF0201E              4332200         0000          0
SFF5672E              4332200         0000          0
SFF7766E              4332200         0000          0
SFF5423E              4332200         0000          0
SFF3018E              4332200         0000          0
SFF3505ESET           4332200         0000          0
SFO8580E              4332200         0000          0
SFO6570E              4332200         0000          0
SFO8551E              4332200         0000          0
SFO0390E              4332200         0000          0
SFO2140E              4332200         0000          0
SFO1D28E              4332200         0000          0
SFO0110E              4332200         0000          0
SFO5202E              4332200         0000          0
SFO3209E              4332200         0000          0
SFO1381E              4332200         0000          0
SFO6510E              4332200         0000          0
SFO7764E              4332200         0000          0
SFO3895E              4332200         0000          0
SFO7556E              4332200         0000          0
SFF7802               4332200         0000          0
SFF0404               4332200         0000          0
SFF3560               4332200         0000          0
SFF3160               4332200         0000          0
SFF3563               4332200         0000          0
SFF0900               4332200         0000          0
SFF6066               4332200         0000          0
SFF6280               4332200         0000          0
SFF1330               4332200         0000          0
SFF0052               4332200         0000          0
SFF2947               4332200         0000          0
SFF0167               4332200         0000          0
SFF2001               4332200         0000          0
SFF5471               4332200         0000          0
SFF7855               4332200         0000          0
SFF4570               4332200         0000          0
SFF0320               4332200         0000          0
SFF0522               4332200         0000          0
SFF7351               4332200         0000          0
SFF75871              4332200         0000          0
SFF1316               4332200         0000          0
SFF1315               4332200         0000          0
SFF0625               4332200         0000          0
SFF5580               4332200         0000          0
SFF8293               4332200         0000          0
SFF8321               4332200         0000          0
SFF1613               4332200         0000          0
SFF3520               4332200         0000          0
SFF0881               4332200         0000          0
SFF0202               4332200         0000          0
SFF5486               4332200         0000          0
SFF5488               4332200         0000          0
SFF8422               4332200         0000          0
SFF1723               4332200         0000          0
SFF2201               4332200         0000          0
SFF7122               4332200         0000          0
SFF9405               4332200         0000          0
SFF9624               4332200         0000          0
SFF7122               4332200         0000          0
SFF3522               4332200         0000          0
SFF6212               4332200         0000          0
SFF3045               4332200         0000          0
SFF6915               4332200         0000          0
SFF6916               4332200         0000          0
SFF0152               4332200         0000          0
SFF0799               4332200         0000          0
SFF3522               4332200         0000          0
SFF3751               4332200         0000          0
SFF3752               4332200         0000          0
SFF2536               4332200         0000          0
SFF5052               4332200         0000          0
SFF2444               4332200         0000          0
SFF1369               4332200         0000          0
SFF5424               4332200         0000          0
SFR3112FW             4332200         0000          0
SFR1212FW             4332200         0000          0
SFS7155               4332200         0000          0
SFH4135               4332200         0000          0
SFH1580               4332200         0000          0
SFH2660               4332200         0000          0
SFH101X               4332200         0000          0
SFH0233PS             4332200         0000          0
SFH4074               4332200         0000          0
SFH1103               4332200         0000          0
SFH8840               4332200         0000          0
SFH2411               4332200         0000          0
SFH6141               4332200         0000          0
SFH1591               4332200         0000          0
SFH6359               4332200         0000          0
SFH1696               4332200         0000          0
SFH3324               4332200         0000          0
SFH86A2               4332200         0000          0
SFO3015SET            4332200         0000          0
SFO15601              4332200         0000          0
SFO1351               4332200         0000          0
SFO1351               4332200         0000          0
SFH6014PS             4332200         0000          0
SFR1102FW             4332200         0000          0
SFR2110FW             4332200         0000          0
SFR2102FW             4332200         0000          0
SFR2130FW             4332200         0000          0
SFR9634FW             4332200         0000          0
SFR1002FW             4332200         0000          0
SFR5103FW             4332200         0000          0
SFR0085FW             4332200         0000          0
SFR9765FW             4332200         0000          0
SFR8744FW             4332200         0000          0
SFR0530FW             4332200         0000          0
SFR0103FW             4332200         0000          0
SFR2440FW             4332200         0000          0
SFR5510FW             4332200         0000          0
SFR5510FW             4332200         0000          0
SFR0124FW             4332200         0000          0
SFR2662FW             4332200         0000          0
SFR9812FW             4332200         0000          0
SFR9806FW             4332200         0000          0
SFR5005FW             4332200         0000          0
SFR1610FW             4332200         0000          0
SFR1630FW             4332200         0000          0
SFR0901FW             4332200         0000          0
SFR1310FW             4332200         0000          0
SFR0770FW             4332200         0000          0
SFR0769FW             4332200         0000          0
SFR1643FW             4332200         0000          0
SFR3112FW             4332200         0000          0
SFR4410FW             4332200         0000          0
SFR1212FW             4332200         0000          0
SFR1280FW             4332200         0000          0
SFR1251FW             4332200         0000          0
SFR5110FW             4332200         0000          0
SFR9732FW             4332200         0000          0
SFR5654FW             4332200         0000          0
SFR20P3FW             4332200         0000          0
SFR2510FW             4332200         0000          0
SFR3583FW             4332200         0000          0
SFR271XFW             4332200         0000          0
SFR90T1FW             4332200         0000          0
SFR90P3FW             4332200         0000          0
SFR9580FW             4332200         0000          0
SFR0690FW             4332200         0000          0
SFR4230FW             4332200         0000          0
SFW2096               4332200         0000          0
